5067788085_a0863c2908_o.jpg 642 334 200 788
5068405556_a2afb0cf39_o.jpg 1005 843 297 762
5640393675_61dcd1a0cb_o.jpg 582 471 909 741
5642590970_2f17836655_o.jpg 783 702 924 1047
5642591652_dd64493c12_o.jpg 825 519 915 555
5857371972_ed4f88b275_o.jpg 903 405 843 804
5857371976_fc03e7fe0a_o.jpg 978 546 369 600
5866682091_870ccc946c_o.jpg 316 300 2464 2188
6154924505_5e81eea1ab_o.jpg 1600 564 704 1816
6154954471_eefe6e00d1_o.jpg 578 278 686 798
6154956165_64266b8b53_o.jpg 1564 924 1328 134 
6155465032_095b330e10_o.jpg 1512 756 1080 1468
6998713466_e048d7a6f8_o.jpg 412 160 608 880
6998714964_d41aec3a96_o.jpg 651 108 825 1797
7144836031_47968366fc_o.jpg 658 350 690 472
8536541363_3ed1f2b379_o.jpg 273 273 1416 1395
8537575674_d79bde3df4_o.jpg 663 372 504 1311
11387261003_c136c16faa_o.jpg 669 315 150 441
11387473723_464965720a_o.jpg 900 484 176 404
11387516224_1401859c48_o.jpg 575 429 333 312
11602318383_eb1492c7d6_o.jpg 585 182 270 435
11619914414_c09fc5ee11_o.jpg 890 302 352 828
11619942574_42f23a7b05_o.jpg 500 264 309 569
11620080714_315cbbd469_o.jpg 357 312 863 243
11776797676_cca61eef5d_o.jpg 590 404 282 404
11776588854_93e5ef76c1_o.jpg 702 88 272 784
12029920945_5cafcafdae_o.jpg 594 322 342 378
11946066833_ebd94c9991_o.jpg 508 292 406 462
11946622736_8f41d2e17b_o.jpg 366 200 706 670
12265582724_61cb64e73a_o.jpg 658 394 232 318
12825119835_72d715d0d4_o.jpg 596 252 428 448
13009302395_5d88a9d62b_o.jpg 622 182 642 670
13009315305_f1cbfb6767_o.jpg 372 98 990 664
D72_0298.jpg 653 213 358 441
14029676162_c8a1f09677_o.jpg 570 278 568 456
23664056183_55e8ac389a_o.jpg 544 338 522 478
14033330554_189a134887_o.jpg 570 330 400 664
P1070892.jpg 318 280 946 710
P1050042.jpg 208 240 704 648
P1050015.jpg 190 98 914 988
P1030001.jpg 272 128 490 384
P1000418.jpg 180 404 784 444
P1000419.jpg 536 298 522 556
P1000323.jpg 244 314 1046 638
IMG_9670.jpg 612 408 238 212
IMG_7043.JPG 590 286 500 334
IMG_7041.JPG 230 372 624 376
IMG_7020.JPG 540 406 336 228
IMG_7022.JPG 578 360 332 224
IMG_7026.JPG 630 430 176 138
IMG_7028.JPG 704 374 250 274
IMG_7016.JPG 630 390 118 262
IMG_7010.JPG 670 416 104 150
IMG_7009.JPG 696 422 100 172
IMG_7008.JPG 696 418 98 202
IMG_6982.JPG 671 246 279 249
IMG_6981.JPG 653 302 276 216
IMG_6985.JPG 621 378 230 374
IMG_6980.JPG 656 330 196 206
IMG_6780.JPG 501 996 336 510
IMG_6779.JPG 558 987 327 516
IMG_6778.JPG 677 399 160 408
IMG_5482.JPG 599 405 286 213
IMG_5484.JPG 612 378 237 264
IMG_5492.JPG 585 368 269 247
IMG_5491.JPG 470 147 345 278
IMG_5385.JPG 668 431 168 87
IMG_5252.JPG 576 363 245 441
IMG_2972.JPG 852 543 272 416
IMG_2970.JPG 623 354 139 333
IMG_2923.JPG 666 408 234 65
IMG_2925.JPG 630 459 263 164
IMG_2885.JPG 482 335 225 465
IMG_2884.JPG 15 383 647 288
IMG_2874.JPG 608 156 241 422
IMG_2879.JPG 413 339 541 480
IMG_2668.JPG 614 345 192 359
IMG_2670.JPG 522 210 185 362
IMG_2672.JPG 651 155 225 298
IMG_2637.JPG 584 225 328 480
IMG_2642.JPG 623 42 369 638
DSCN5791.jpg 902 494 472 258
DSCN5169.jpg 609 732 309 753
DSCN5174.jpg 608 408 186 394
DSC_9413.jpg 632 386 108 164
DSC_9429.jpg 702 428 70 164
DSC_7694.jpg 424 1000 980 712
DSC_7697.jpg 680 388 128 130
DSC_7525.jpg 408 303 705 651
DSC_7521.jpg 694 440 82 78
DSC_7523.jpg 708 450 86 102
DSC_7439.jpg 690 432 100 192
DSC_6980.jpg 160 856 1020 644
DSC_6987.jpg 400 1152 464 440
DSC_6421.jpg 254 236 366 286
DSC_6420.jpg 322 426 344 256
DSC_6409.jpg 624 410 210 166
DSC_6410.jpg 686 375 220 200
DSC_6411.jpg 428 378 267 203
DSC_4571.jpg 798 374 384 420
DSC_4587.jpg 634 246 176 108
DSC_4570.jpg 684 444 104 70
DSC_4589.jpg 690 420 150 128
DSC_4584.jpg 606 452 150 118
DSC_4539.jpg 688 436 164 296
DSC_4535.jpg 726 426 106 152
DSC_3235.jpg 686 412 72 166
DSC_3222.jpg 474 429 654 897
DSC_3221.jpg 165 501 814 440
DSC_3220.jpg 516 436 224 312
DSC_2428.jpg 726 312 449 198
DSC_2042.jpg 836 812 424 1016
_DSC_11246.jpg 452 190 486 700
_DSC9991.jpg 606 376 146 124
_DSC9990.jpg 448 504 740 484
_DSC0135.jpg 694 468 134 84
_DSC0133.jpg 882 610 308 222
DSC00272.jpg 560 216 92 338
DSC00271.jpg 507 258 81 267
_D32_13516.jpg 616 420 156 260
_D32_13515.jpg 616 342 164 250
_D32_13404.jpg 578 200 818 498
_D32_12658.jpg 402 320 246 416
_D32_12427.jpg 140 264 940 580
_D32_12413.jpg 584 356 324 258
_D32_12412.jpg 688 400 48 144
_D32_12411.jpg 716 436 80 206
_D32_12409.jpg 408 310 190 426
_D32_10858.jpg 804 548 314 424
_D32_10837.jpg 202 236 740 698
_D32_10593.jpg 676 158 362 730
_D32_10320.jpg 698 398 122 132
_D32_10318.jpg 532 362 256 402
_D32_10317.jpg 210 208 958 748
_D32_10314.jpg 448 528 980 1464
_D32_10313.jpg 654 394 342 374
_D32_10303.jpg 412 636 480 920
_D32_10307.jpg 678 428 178 270
_D32_10251.jpg 856 588 416 456
_D32_10232.jpg 264 1216 376 508
D72_0694.jpg 634 288 490 266
D72_0693.jpg 112 324 718 486
D72_0688.jpg 348 186 420 552
D72_0523.jpg 800 204 376 594
D72_0477.jpg 576 98 842 618
D72_0475.jpg 146 308 1076 634
D72_0472.jpg 226 214 692 528
D72_0471.jpg 528 70 550 572
D72_0473.jpg 320 124 678 674
D72_0466.jpg 580 276 706 600
D72_0295.jpg 796 358 424 466
D72_0232.jpg 164 852 808 1076
24468742552_d00abd8b24_o.jpg 300 202 702 400
24349434081_871a49432b_o.jpg 484 374 322 418
24290391565_f52715e457_o.jpg 614 314 292 534
24264723616_7ec6d7569a_o.jpg 366 332 612 374
24264623626_091b7bacd7_o.jpg 506 296 440 374
24264098036_082984720a_o.jpg 450 242 418 598
24208901581_ee155481ce_o.jpg 382 370 786 276
24058713581_8edc8e93ff_o.jpg 614 400 272 472
23995815950_ba20d22519_o.jpg 264 404 652 232
23949073944_dcc55f5314_o.jpg 500 322 510 610
23923133539_2b1a76dbe3_o.jpg 335 341 454 214
23773539949_5378a75286_o.jpg 534 190 256 470
23447347142_0c9ca242e2_o.jpg 618 350 244 560
23419706900_8afd12b48a_o.jpg 538 216 260 566
23260150900_72e7572d49_o.jpg 628 216 368 688
22048284365_1b2a610cf6_o.jpg 582 376 192 240
22022100746_eb89dac4f7_o.jpg 586 408 190 206
14052898793_ba61e3c973_o.jpg 528 332 530 486
12265747116_d4b4fa3741_o.jpg 244 306 992 326
12266053036_fcab92d8e8_o.jpg 586 60 290 724
12265561764_4814951031_o.jpg 562 108 308 712
12030165813_f5341e8ed0_o.jpg 390 202 678 560
12266086526_82cd337667_o.jpg 579 74 270 798
12029822653_1185544e7b_o.jpg 65 101 1392 355
12265055185_138e3c7c70_o.jpg 430 616 152 400
24208972871_ef0e7a9578_o.jpg 480 282 525 398
IMG_2626.JPG 687 362 156 345
IMG_2623.JPG 689 381 205 377
IMG_2617.JPG 668 404 120 184
DSCN9809.jpg 419 141 741 971
DSCN9812.jpg 330 290 789 633
DSCN5790.jpg 837 477 333 789
DSC_9414.jpg 678 413 92 168
DSC_7606.jpg 863 477 315 389
DSC_7597.jpg 393 891 474 1011
DSC_7595.jpg 689 486 61 114
DSC_7538.jpg 761 447 106 90
DSC_4681.jpg 650 380 237 270
DSC_4593.jpg 699 1074 234 165
DSC_4592.jpg 624 1080 249 156
DSC_4583.jpg 680 449 139 99
DSC_4585.jpg 648 245 156 102
DSC_0576e.jpg 528 468 489 693
DSC_0582.jpg 584 422 156 105
DSC_0502.jpg 759 413 95 67
_DSC8039.jpg 723 432 120 62
_DSC8041.jpg 333 206 686 270
_DSC8040.jpg 609 470 194 81
DSC00071.jpg 468 537 212 279
_D32_10309.jpg 705 395 147 339
_D32_10310.jpg 627 357 168 434
_D32_10306.jpg 687 438 126 227
_D32_10245.jpg 798 717 576 699
14029706372_85bd746e1d_o.jpg 539 297 387 548
12029502235_5b43c3b9cb_o.jpg 458 195 492 462
12152178844_dc29e3126f_o.jpg 468 111 399 746
100_4037.JPG 1191 609 411 420
100_4068.JPG 1011 900 273 528
100_4070.JPG 1413 1011 129 243
100_4073.JPG 1290 993  204 333
100_4082.JPG 918 867 690 345
100_4086.JPG 1362 828 147 156
100_4450.JPG 1350 942 213 204
100_4458.JPG 1293 957 237 267
100_4459.JPG 1389 933 243 309
100_4460.JPG 1224 969 363 354
100_4461.JPG 1359 1029 156 207
100_4462.JPG 1230 849 300 267  
100_4463.JPG 1248 912 426 339
100_4490.JPG 1017 699 231 282
100_4493.JPG 1185 405 801 534
100_4494.JPG 1197 798 408 951
100_4495.JPG 894 1098 861 600
100_4745.JPG 1044 990 384 351
100_4756.JPG 1278 1017 231 162
100_4757.JPG 1272 1053 156 255
100_4758.JPG 1395 1077 177 210
100_4820.JPG 1323 867 504 306
100_4915.JPG 1323 1065 543 732
100_4916.JPG 1290 972 639 708
100_5041.JPG 1260 711 939 405
100_5045.JPG 1422 930 234 156
100_5046.JPG 2043 1056 153 186
100_5047.JPG 1485 954 117 189
100_5050.JPG 1335 1017 237 285
100_5096.JPG 1401 831 252 750
100_5097.JPG 1392 891 159 246
100_5100.JPG 1188 873 309 726
100_5105.JPG 1029 903 750 540
100_5112.JPG 1362 687 336 543
100_5113.JPG 1281 720 222 630
100_5251.JPG 1419 1074 273 129
100_5252.JPG 1278 1014 258 147
100_5253.JPG 1422 1053 180 177
100_5255.JPG 1263 999 243 213
100_5256.JPG 1263 1158 270 93
100_5259.JPG 2463 1044 180 90
100_5261.JPG 990 1107 201 123 
100_5264.JPG 1362 1017 213 195 
100_5265.JPG 1368 1149 207 192
100_5266.JPG 1305 1008 228 216
100_5267.JPG 1305 1089 255 120
100_5269.JPG 1221 942 279 237 
100_5291.JPG 1320 975 183 204
100_5573.JPG 885 1008 594 408 
100_5587.JPG 1422 1029 201 210
100_5589.JPG 1323 954 120 162
100_5592.JPG 1314 924 279 390
100_5594.JPG 897 837 759 450
100_5597.JPG 1305 1032 348 231 
100_5598.JPG 1566 900 393 315
100_5600.JPG 1146 1161 354 294 
100_5601.JPG 1335 1026 234 354
100_5742.JPG 1329 993 195 135
100_5743.JPG 1335 861 201 615
100_5744.JPG 1275 945 291 390
100_5745.JPG 1224 897 378 450
100_5746.JPG 1206 954 405 390
100_5748.JPG 1191 843 336 489
100_5749.JPG 966 1026 567 261
100_5750.JPG 1143 954 450 402
100_5751.JPG 855 1005 816 663
100_5752.JPG 750 984 699 741
100_5755.JPG 1086 828 1113 696
100_5756.JPG 1308 945 816 306
100_5762.JPG 1119 1047 423 273
100_5763.JPG 1215 912 159 396
100_5795.JPG 987 783 876 978
100_5813.JPG 1272 693 270 582
5067786629_e5b11049f9_o.jpg 729 361 116 440
8537642720_4bc28d3483_o.jpg 467 153 397 824
8537646712_0b282c4c6a_o.jpg 395 296 490 331
8537647858_d8947776d3_o.jpg 476 374 480 396
10774570945_9bc537c255_o.jpg 615 359 479 405
11382677585_ef6570a041_o.jpg 589 265 290 272
11382746854_7ce73793b3_o.jpg 610 234 174 338
11383151816_63f13fc3c9_o.jpg 287 354 400 224
11383838134_96e891a316_o.jpg 574 222 290 708
11383857084_cdd7514746_o.jpg 337 303 608 320
11387056905_2aa40a7aa7_o.jpg 714 413 230 271
P1040157.jpg 873 1179 348 471
P1040396.jpg 177 801 813 1146
P1050045.jpg 473 229 825 821
P1050049.jpg 218 392 658 405
P1050277.jpg 531 540 923 480
P1050872.jpg 264 283 768 432
P1060364.jpg 663 452 180 225
P1060366.jpg 406 541 206 368
P1060367.jpg 705 411 182 231
P1060368.jpg 802 495 172 213
P1060777.jpg 729 465 110 101
